weeks	diagnostic	prognostic	motivational	injustice_level2	othering	number_texts_all	number_diagnostic	number_prognostic	number_motivational	number_injustice_level2	number_othering	start_date	end_date	non_violent_protest	violent_event	log_number_diagnostic	log_number_prognostic	log_number_motivational	log_number_injustice_level2	log_number_othering
1	0.18925421	0.071371295	0.092221335	0.0521251	0.092221335	1247.0	236.0	89.0	115.0	65.0	115.0	2020-01-01	2020-01-07	0.0	0.0	5.463832	4.4886365	4.744932	4.1743875	4.744932
2	0.24915254	0.107627116	0.087288134	0.07118644	0.1	1180.0	294.0	127.0	103.0	84.0	118.0	2020-01-08	2020-01-14	0.0	0.0	5.68358	4.8441873	4.634729	4.4308167	4.7706847
3	0.26688814	0.07641196	0.09745293	0.12403101	0.098560356	903.0	241.0	69.0	88.0	112.0	89.0	2020-01-15	2020-01-21	2.0	0.0	5.484797	4.2341065	4.477337	4.7184987	4.4886365
4	0.21019678	0.066189624	0.06350626	0.070661895	0.08139535	1118.0	235.0	74.0	71.0	79.0	91.0	2020-01-22	2020-01-28	1.0	0.0	5.4595857	4.304065	4.26268	4.3694477	4.5108595
5	0.28705883	0.08705882	0.09647059	0.10352941	0.12941177	850.0	244.0	74.0	82.0	88.0	110.0	2020-01-29	2020-02-04	0.0	0.0	5.497168	4.304065	4.406719	4.477337	4.7004805
6	0.26342857	0.09314286	0.09142857	0.09142857	0.09314286	1750.0	461.0	163.0	160.0	160.0	163.0	2020-02-05	2020-02-11	0.0	0.0	6.133398	5.09375	5.075174	5.075174	5.09375
7	0.34241244	0.115953304	0.09105058	0.123735406	0.123735406	1285.0	440.0	149.0	117.0	159.0	159.0	2020-02-12	2020-02-18	0.0	0.0	6.086775	5.0039463	4.762174	5.0689044	5.0689044
8	0.25492957	0.0943662	0.10985915	0.0943662	0.0971831	710.0	181.0	67.0	78.0	67.0	69.0	2020-02-19	2020-02-25	0.0	0.0	5.198497	4.204693	4.356709	4.204693	4.2341065
9	0.32569975	0.1043257	0.089058526	0.122137405	0.13486005	393.0	128.0	41.0	35.0	48.0	53.0	2020-02-26	2020-03-03	0.0	0.0	4.8520303	3.713572	3.5553482	3.871201	3.9702919
10	0.2664016	0.11133201	0.10934394	0.06361829	0.10139165	503.0	134.0	56.0	55.0	32.0	51.0	2020-03-04	2020-03-10	0.0	0.0	4.89784	4.0253515	4.0073333	3.465736	3.9318256
11	0.3275862	0.14367816	0.10344828	0.1283525	0.118773945	522.0	171.0	75.0	54.0	67.0	62.0	2020-03-11	2020-03-17	0.0	0.0	5.1416636	4.317488	3.988984	4.204693	4.1271343
12	0.25199544	0.091220066	0.0649943	0.074116305	0.08893957	877.0	221.0	80.0	57.0	65.0	78.0	2020-03-18	2020-03-24	0.0	0.0	5.398163	4.3820267	4.0430512	4.1743875	4.356709
13	0.2721519	0.10970464	0.08649789	0.080168776	0.10548523	474.0	129.0	52.0	41.0	38.0	50.0	2020-03-25	2020-03-31	0.0	0.0	4.8598123	3.9512436	3.713572	3.637586	3.912023
14	0.26404494	0.101123594	0.11516854	0.10393258	0.10393258	356.0	94.0	36.0	41.0	37.0	37.0	2020-04-01	2020-04-07	0.0	0.0	4.543295	3.583519	3.713572	3.6109178	3.6109178
15	0.28426397	0.13197969	0.09898477	0.08629441	0.08629441	394.0	112.0	52.0	39.0	34.0	34.0	2020-04-08	2020-04-14	0.0	0.0	4.7184987	3.9512436	3.6635616	3.5263605	3.5263605
16	0.30560273	0.13412564	0.08488964	0.108658746	0.0713073	589.0	180.0	79.0	50.0	64.0	42.0	2020-04-15	2020-04-21	4.0	0.0	5.192957	4.3694477	3.912023	4.158883	3.7376697
17	0.3914989	0.12751678	0.07158837	0.13199106	0.08277405	447.0	175.0	57.0	32.0	59.0	37.0	2020-04-22	2020-04-28	2.0	0.0	5.164786	4.0430512	3.465736	4.0775375	3.6109178
18	0.30416667	0.14583333	0.1	0.12291667	0.0875	480.0	146.0	70.0	48.0	59.0	42.0	2020-04-29	2020-05-05	2.0	0.0	4.983607	4.248495	3.871201	4.0775375	3.7376697
19	0.37012988	0.114718616	0.10822511	0.16233766	0.064935066	462.0	171.0	53.0	50.0	75.0	30.0	2020-05-06	2020-05-12	2.0	0.0	5.1416636	3.9702919	3.912023	4.317488	3.4011974
20	0.3197425	0.13304721	0.098712444	0.16094421	0.09012876	466.0	149.0	62.0	46.0	75.0	42.0	2020-05-13	2020-05-19	2.0	0.0	5.0039463	4.1271343	3.8286414	4.317488	3.7376697
21	0.3091216	0.10304054	0.13682432	0.13851352	0.08108108	592.0	183.0	61.0	81.0	82.0	48.0	2020-05-20	2020-05-26	0.0	0.0	5.209486	4.1108737	4.394449	4.406719	3.871201
22	0.38787878	0.09421488	0.087052345	0.15096419	0.18567494	1815.0	704.0	171.0	158.0	274.0	337.0	2020-05-27	2020-06-02	1.0	0.0	6.5567784	5.1416636	5.062595	5.613128	5.820083
23	0.31874484	0.07514451	0.088769615	0.10033031	0.13748968	2422.0	772.0	182.0	215.0	243.0	333.0	2020-06-03	2020-06-09	1.0	0.0	6.6489844	5.2040067	5.370638	5.4930615	5.8081427
24	0.33709556	0.07825433	0.08013544	0.10496614	0.14033107	2658.0	896.0	208.0	213.0	279.0	373.0	2020-06-10	2020-06-16	0.0	1.0	6.7979403	5.3375382	5.3612924	5.6312118	5.9215784
25	0.2685185	0.07654321	0.0691358	0.09845679	0.09691358	3240.0	870.0	248.0	224.0	319.0	314.0	2020-06-17	2020-06-23	0.0	0.0	6.768493	5.5134287	5.411646	5.765191	5.749393
26	0.33889696	0.11901306	0.099419445	0.120464444	0.116836	1378.0	467.0	164.0	137.0	166.0	161.0	2020-06-24	2020-06-30	0.0	0.0	6.1463294	5.0998664	4.919981	5.1119876	5.081404
27	0.30243337	0.10023175	0.119351104	0.096755505	0.110660486	1726.0	522.0	173.0	206.0	167.0	191.0	2020-07-01	2020-07-07	3.0	0.0	6.2576675	5.1532917	5.327876	5.117994	5.2522736
28	0.29889923	0.11092295	0.08298053	0.10922947	0.10245555	1181.0	353.0	131.0	98.0	129.0	121.0	2020-07-08	2020-07-14	2.0	0.0	5.866468	4.8751974	4.5849676	4.8598123	4.7957907
29	0.39380166	0.066528924	0.06694215	0.10743801	0.1694215	2420.0	953.0	161.0	162.0	260.0	410.0	2020-07-15	2020-07-21	2.0	0.0	6.859615	5.081404	5.0875964	5.560682	6.016157
30	0.35353535	0.07636364	0.056565657	0.09777778	0.13050506	2475.0	875.0	189.0	140.0	242.0	323.0	2020-07-22	2020-07-28	0.0	0.0	6.774224	5.241747	4.9416423	5.488938	5.7776523
31	0.22188184	0.079212256	0.06608315	0.06695843	0.0809628	2285.0	507.0	181.0	151.0	153.0	185.0	2020-07-29	2020-08-04	1.0	0.0	6.228511	5.198497	5.0172796	5.030438	5.220356
32	0.2632391	0.08997429	0.07917738	0.06529563	0.11825193	1945.0	512.0	175.0	154.0	127.0	230.0	2020-08-05	2020-08-11	1.0	0.0	6.2383246	5.164786	5.0369525	4.8441873	5.4380794
33	0.2899188	0.07713126	0.07510149	0.0876184	0.09506089	2956.0	857.0	228.0	222.0	259.0	281.0	2020-08-12	2020-08-18	0.0	2.0	6.753438	5.4293456	5.4026775	5.556828	5.638355
34	0.30113024	0.078040905	0.06593111	0.073196985	0.11356297	3716.0	1119.0	290.0	245.0	272.0	422.0	2020-08-19	2020-08-25	0.0	1.0	7.0201907	5.669881	5.5012584	5.605802	6.0450053
35	0.3273005	0.1011775	0.071085915	0.11513301	0.11077192	4586.0	1501.0	464.0	326.0	528.0	508.0	2020-08-26	2020-09-01	6.0	1.0	7.3138866	6.1398845	5.786897	6.2690964	6.2304816
36	0.33773896	0.08354968	0.068916686	0.100778855	0.12744866	4237.0	1431.0	354.0	292.0	427.0	540.0	2020-09-02	2020-09-08	3.0	1.0	7.266129	5.869297	5.676754	6.056784	6.291569
37	0.29642752	0.075583115	0.062001772	0.07705934	0.09182167	3387.0	1004.0	256.0	210.0	261.0	311.0	2020-09-09	2020-09-15	0.0	0.0	6.9117475	5.5451775	5.3471074	5.5645204	5.739793
38	0.31595883	0.10199485	0.07593308	0.09877735	0.11003861	3108.0	982.0	317.0	236.0	307.0	342.0	2020-09-16	2020-09-22	1.0	0.0	6.889591	5.7589016	5.463832	5.7268476	5.8348107
39	0.2857972	0.0870743	0.10313468	0.08301084	0.10313468	5168.0	1477.0	450.0	533.0	429.0	533.0	2020-09-23	2020-09-29	1.0	1.0	7.297768	6.1092477	6.2785215	6.061457	6.2785215
40	0.2512563	0.07432998	0.10521357	0.068467334	0.09694305	9552.0	2400.0	710.0	1005.0	654.0	926.0	2020-09-30	2020-10-06	3.0	0.0	7.783224	6.565265	6.9127426	6.4831076	6.8308744
41	0.27597746	0.07009511	0.08383234	0.08665023	0.091581546	5678.0	1567.0	398.0	476.0	492.0	520.0	2020-10-07	2020-10-13	3.0	0.0	7.3569183	5.986452	6.1654177	6.1984787	6.253829
42	0.25903815	0.06252073	0.0814262	0.075953566	0.083084576	6030.0	1562.0	377.0	491.0	458.0	501.0	2020-10-14	2020-10-20	4.0	0.0	7.353722	5.9322453	6.196444	6.126869	6.216606
43	0.25518802	0.057980128	0.0513143	0.060621306	0.06514904	7951.0	2029.0	461.0	408.0	482.0	518.0	2020-10-21	2020-10-27	3.0	0.0	7.6152983	6.133398	6.011267	6.177944	6.249975
44	0.25666484	0.072769314	0.06977693	0.070321	0.07236126	7352.0	1887.0	535.0	513.0	517.0	532.0	2020-10-28	2020-11-03	3.0	0.0	7.5427437	6.2822666	6.240276	6.248043	6.2766433
45	0.34073243	0.085323595	0.062002435	0.11426431	0.105273016	10677.0	3638.0	911.0	662.0	1220.0	1124.0	2020-11-04	2020-11-10	13.0	1.0	8.199189	6.814543	6.4952655	7.106606	7.024649
46	0.31553486	0.10750762	0.13671385	0.11306217	0.120766886	5581.0	1761.0	600.0	763.0	631.0	674.0	2020-11-11	2020-11-17	4.0	2.0	7.473637	6.3969297	6.637258	6.4473057	6.5132303
47	0.19872653	0.07356937	0.08326236	0.04501764	0.073123254	24657.0	4900.0	1814.0	2053.0	1110.0	1803.0	2020-11-18	2020-11-24	6.0	1.0	8.49699	7.5032897	7.6270576	7.0121155	7.497207
48	0.1745842	0.057276506	0.06912682	0.03362786	0.063773386	19240.0	3359.0	1102.0	1330.0	647.0	1227.0	2020-11-25	2020-12-01	8.0	1.0	8.119398	7.004882	7.192934	6.4723463	7.1123276
49	0.3594132	0.14262429	0.1393643	0.16462918	0.12387938	1227.0	441.0	175.0	171.0	202.0	152.0	2020-12-02	2020-12-08	4.0	2.0	6.089045	5.164786	5.1416636	5.3082676	5.0238805
50	0.38414633	0.13821138	0.18191057	0.17784552	0.13313009	984.0	378.0	136.0	179.0	175.0	131.0	2020-12-09	2020-12-15	6.0	3.0	5.934894	4.912655	5.187386	5.164786	4.8751974
51	0.3790932	0.14231738	0.19899245	0.1536524	0.14483628	794.0	301.0	113.0	158.0	122.0	115.0	2020-12-16	2020-12-22	2.0	3.0	5.7071104	4.727388	5.062595	4.804021	4.744932
52	0.34868422	0.14802632	0.21217105	0.16447368	0.14802632	608.0	212.0	90.0	129.0	100.0	90.0	2020-12-23	2020-12-29	0.0	0.0	5.3565865	4.4998097	4.8598123	4.6051702	4.4998097
53	0.44497043	0.1597633	0.1597633	0.20236686	0.17988166	845.0	376.0	135.0	135.0	171.0	152.0	2020-12-30	2021-01-05	4.0	1.0	5.9295893	4.905275	4.905275	5.1416636	5.0238805
54	0.27711388	0.16850774	0.089927696	0.10697429	0.07938341	39832.0	11038.0	6712.0	3582.0	4261.0	3162.0	2021-01-06	2021-01-12	8.0	10.0	9.309099	8.811652	8.183677	8.357259	8.05896
55	0.34311774	0.12196311	0.06963517	0.11566588	0.108149834	49228.0	16891.0	6004.0	3428.0	5694.0	5324.0	2021-01-13	2021-01-19	1.0	0.0	9.734536	8.700181	8.139732	8.647168	8.57998
56	0.356704	0.12972468	0.07730596	0.12330844	0.11354799	25716.0	9173.0	3336.0	1988.0	3171.0	2920.0	2021-01-20	2021-01-26	0.0	0.0	9.12402	8.112528	7.5948844	8.061802	7.979339
57	0.35561472	0.156364	0.08143547	0.13319531	0.094153605	10143.0	3607.0	1586.0	826.0	1351.0	955.0	2021-01-27	2021-02-02	0.0	0.0	8.190632	7.3689704	6.7165947	7.2086005	6.8617115
58	0.36321437	0.12729524	0.070043325	0.13812667	0.09552301	9694.0	3521.0	1234.0	679.0	1339.0	926.0	2021-02-03	2021-02-09	1.0	0.0	8.1665	7.1180162	6.5206213	7.1996784	6.8308744
59	0.36132285	0.12325554	0.07493843	0.13568664	0.0893632	8527.0	3081.0	1051.0	639.0	1157.0	762.0	2021-02-10	2021-02-16	0.0	0.0	8.03301	6.9574976	6.4599047	7.0535855	6.6359468
60	0.36767766	0.11923877	0.071810886	0.13024086	0.09307166	6726.0	2473.0	802.0	483.0	876.0	626.0	2021-02-17	2021-02-23	1.0	0.0	7.813187	6.6871085	6.1800165	6.7753663	6.4393506
61	0.35114828	0.11766373	0.065778285	0.10306209	0.10759853	7054.0	2477.0	830.0	464.0	727.0	759.0	2021-02-24	2021-03-02	2.0	0.0	7.8148036	6.7214255	6.1398845	6.5889263	6.632002
62	0.3640185	0.09888609	0.063366964	0.09384195	0.13408995	9516.0	3464.0	941.0	603.0	893.0	1276.0	2021-03-03	2021-03-09	1.0	0.0	8.150179	6.846943	6.401917	6.7945867	7.1514854
63	0.35914522	0.09375	0.071461394	0.09375	0.12591912	8704.0	3126.0	816.0	622.0	816.0	1096.0	2021-03-10	2021-03-16	4.0	1.0	8.047509	6.7044144	6.43294	6.7044144	6.9994226
64	0.3599138	0.09698276	0.065660916	0.103304595	0.1525862	6960.0	2505.0	675.0	457.0	719.0	1062.0	2021-03-17	2021-03-23	2.0	0.0	7.826044	6.514713	6.1246834	6.5778613	6.9679093
65	0.4211091	0.12593918	0.06153846	0.15527728	0.16422182	2795.0	1177.0	352.0	172.0	434.0	459.0	2021-03-24	2021-03-30	3.0	3.0	7.070724	5.8636312	5.1474943	6.0730443	6.1290503
66	0.45297503	0.123480484	0.11836212	0.19577736	0.15099168	1563.0	708.0	193.0	185.0	306.0	236.0	2021-03-31	2021-04-06	1.0	0.0	6.562444	5.26269	5.220356	5.723585	5.463832
67	0.477229	0.13790892	0.08146247	0.19050674	0.17575368	1559.0	744.0	215.0	127.0	297.0	274.0	2021-04-07	2021-04-13	2.0	1.0	6.612041	5.370638	4.8441873	5.6937323	5.613128
68	0.33431855	0.0909688	0.056486044	0.13366175	0.13300492	3045.0	1018.0	277.0	172.0	407.0	405.0	2021-04-14	2021-04-20	2.0	0.0	6.9255953	5.6240177	5.1474943	6.0088134	6.003887
69	0.2526425	0.076589845	0.042453647	0.066366315	0.104487956	5771.0	1458.0	442.0	245.0	383.0	603.0	2021-04-21	2021-04-27	5.0	0.0	7.284821	6.09131	5.5012584	5.948035	6.401917
70	0.34139195	0.091941394	0.06593407	0.13003664	0.12857144	2730.0	932.0	251.0	180.0	355.0	351.0	2021-04-28	2021-05-04	4.0	0.0	6.8373327	5.525453	5.192957	5.872118	5.8607864
71	0.42155388	0.12280702	0.09172932	0.18245614	0.14385965	1995.0	841.0	245.0	183.0	364.0	287.0	2021-05-05	2021-05-11	2.0	0.0	6.7345915	5.5012584	5.209486	5.897154	5.659482
72	0.41855583	0.12678422	0.054156173	0.16792612	0.109571785	2382.0	997.0	302.0	129.0	400.0	261.0	2021-05-12	2021-05-18	2.0	0.0	6.904751	5.710427	4.8598123	5.9914646	5.5645204
73	0.24012893	0.08682514	0.04149879	0.08078163	0.08118453	4964.0	1192.0	431.0	206.0	401.0	403.0	2021-05-19	2021-05-25	3.0	0.0	7.083388	6.066108	5.327876	5.9939613	5.9989367
74	0.17730497	0.07156673	0.043197937	0.047453254	0.06486138	7755.0	1375.0	555.0	335.0	368.0	503.0	2021-05-26	2021-06-01	0.0	0.0	7.226209	6.3189683	5.8141303	5.908083	6.22059
75	0.22097516	0.084820606	0.049862005	0.08371665	0.060349587	5435.0	1201.0	461.0	271.0	455.0	328.0	2021-06-02	2021-06-08	2.0	0.0	7.09091	6.133398	5.602119	6.1202974	5.7930136
76	0.26943535	0.09185761	0.05707856	0.10045008	0.08510638	4888.0	1317.0	449.0	279.0	491.0	416.0	2021-06-09	2021-06-15	0.0	0.0	7.1831117	6.107023	5.6312118	6.196444	6.0306854
77	0.26904055	0.09396637	0.0652819	0.09535114	0.0793274	5055.0	1360.0	475.0	330.0	482.0	401.0	2021-06-16	2021-06-22	2.0	2.0	7.21524	6.163315	5.799093	6.177944	5.9939613
78	0.28172475	0.09226988	0.05652368	0.10210009	0.085344054	4476.0	1261.0	413.0	253.0	457.0	382.0	2021-06-23	2021-06-29	2.0	0.0	7.1396604	6.0234475	5.5333896	6.1246834	5.9454207
79	0.19936661	0.081737295	0.04825818	0.067561455	0.066505805	6631.0	1322.0	542.0	320.0	448.0	441.0	2021-06-30	2021-07-06	1.0	1.0	7.186901	6.295266	5.768321	6.104793	6.089045
80	0.23771524	0.12179756	0.04556909	0.09113818	0.08336833	4762.0	1132.0	580.0	217.0	434.0	397.0	2021-07-07	2021-07-13	5.0	1.0	7.031741	6.363028	5.379897	6.0730443	5.9839363
81	0.25877512	0.10530138	0.056160737	0.09368192	0.09005083	4131.0	1069.0	435.0	232.0	387.0	372.0	2021-07-14	2021-07-20	2.0	1.0	6.9744787	6.075346	5.4467373	5.9584246	5.918894
82	0.23536536	0.09749697	0.04642713	0.07549455	0.07811869	4954.0	1166.0	483.0	230.0	374.0	387.0	2021-07-21	2021-07-27	5.0	1.0	7.061334	6.1800165	5.4380794	5.924256	5.9584246
83	0.40016535	0.15336916	0.10045473	0.16287722	0.11037619	2419.0	968.0	371.0	243.0	394.0	267.0	2021-07-28	2021-08-03	1.0	0.0	6.875232	5.916202	5.4930615	5.976351	5.587249
84	0.3511877	0.1723335	0.08896134	0.1555659	0.10526316	2147.0	754.0	370.0	191.0	334.0	226.0	2021-08-04	2021-08-10	2.0	3.0	6.6253924	5.913503	5.2522736	5.811141	5.420535
85	0.3476082	0.13302961	0.0715262	0.1403189	0.1047836	2195.0	763.0	292.0	157.0	308.0	230.0	2021-08-11	2021-08-17	6.0	1.0	6.637258	5.676754	5.056246	5.7300997	5.4380794
86	0.38193277	0.1197479	0.07647059	0.16890757	0.11806723	2380.0	909.0	285.0	182.0	402.0	281.0	2021-08-18	2021-08-24	3.0	1.0	6.812345	5.652489	5.2040067	5.996452	5.638355
87	0.354318	0.14205004	0.07425343	0.13599677	0.10774818	2478.0	878.0	352.0	184.0	337.0	267.0	2021-08-25	2021-08-31	2.0	2.0	6.7776465	5.8636312	5.214936	5.820083	5.587249
88	0.35650486	0.116504855	0.074174754	0.14291263	0.12116505	2575.0	918.0	300.0	191.0	368.0	312.0	2021-09-01	2021-09-07	1.0	1.0	6.8221974	5.7037826	5.2522736	5.908083	5.7430034
89	0.18301412	0.07041981	0.039466046	0.07254788	0.061520603	5169.0	946.0	364.0	204.0	375.0	318.0	2021-09-08	2021-09-14	2.0	0.0	6.8522425	5.897154	5.31812	5.926926	5.7620516
90	0.1568512	0.06753043	0.043580685	0.061837457	0.04691794	5094.0	799.0	344.0	222.0	315.0	239.0	2021-09-15	2021-09-21	3.0	0.0	6.683361	5.8406415	5.4026775	5.7525725	5.4764633
91	0.29791272	0.097090445	0.05534472	0.13345984	0.08918406	3162.0	942.0	307.0	175.0	422.0	282.0	2021-09-22	2021-09-28	4.0	0.0	6.8480053	5.7268476	5.164786	6.0450053	5.641907
92	0.23766693	0.09294086	0.048787136	0.08803489	0.06650314	3669.0	872.0	341.0	179.0	323.0	244.0	2021-09-29	2021-10-05	3.0	0.0	6.7707896	5.8318825	5.187386	5.7776523	5.497168
93	0.19506322	0.06712823	0.051475015	0.08217941	0.056893438	3322.0	648.0	223.0	171.0	273.0	189.0	2021-10-06	2021-10-12	4.0	0.0	6.473891	5.4071717	5.1416636	5.609472	5.241747
94	0.2728889	0.108444445	0.06533334	0.10888889	0.085777774	2250.0	614.0	244.0	147.0	245.0	193.0	2021-10-13	2021-10-19	3.0	0.0	6.419995	5.497168	4.9904327	5.5012584	5.26269
95	0.28776333	0.09323174	0.06813088	0.10578216	0.09233528	2231.0	642.0	208.0	152.0	236.0	206.0	2021-10-20	2021-10-26	2.0	0.0	6.464588	5.3375382	5.0238805	5.463832	5.327876
96	0.34496313	0.15626536	0.07321867	0.14791155	0.097297296	2035.0	702.0	318.0	149.0	301.0	198.0	2021-10-27	2021-11-02	5.0	0.0	6.5539336	5.7620516	5.0039463	5.7071104	5.288267
97	0.49902153	0.17742987	0.1037182	0.21526419	0.14481409	1533.0	765.0	272.0	159.0	330.0	222.0	2021-11-03	2021-11-09	3.0	0.0	6.639876	5.605802	5.0689044	5.799093	5.4026775
98	0.31255093	0.21801141	0.10228199	0.13528933	0.09087205	2454.0	767.0	535.0	251.0	332.0	223.0	2021-11-10	2021-11-16	5.0	0.0	6.6424866	6.2822666	5.525453	5.805135	5.4071717
99	0.47603688	0.18986174	0.12949309	0.22258064	0.17834102	2170.0	1033.0	412.0	281.0	483.0	387.0	2021-11-17	2021-11-23	3.0	0.0	6.9402223	6.0210233	5.638355	6.1800165	5.9584246
100	0.4736081	0.20968908	0.13159798	0.21836588	0.15907447	1383.0	655.0	290.0	182.0	302.0	220.0	2021-11-24	2021-11-30	1.0	0.0	6.4846354	5.669881	5.2040067	5.710427	5.3936276
101	0.47727272	0.15488215	0.10185185	0.19865319	0.16245791	1188.0	567.0	184.0	121.0	236.0	193.0	2021-12-01	2021-12-07	1.0	0.0	6.340359	5.214936	4.7957907	5.463832	5.26269
102	0.44738835	0.14155942	0.11279334	0.17108251	0.121877365	1321.0	591.0	187.0	149.0	226.0	161.0	2021-12-08	2021-12-14	1.0	0.0	6.381816	5.2311087	5.0039463	5.420535	5.081404
103	0.44278607	0.17578773	0.14096186	0.16003317	0.13681592	1206.0	534.0	212.0	170.0	193.0	165.0	2021-12-15	2021-12-21	2.0	0.0	6.280396	5.3565865	5.1357985	5.26269	5.1059456
104	0.40036398	0.15286624	0.18835305	0.14376706	0.122838944	1099.0	440.0	168.0	207.0	158.0	135.0	2021-12-22	2021-12-28	0.0	0.0	6.086775	5.123964	5.332719	5.062595	4.905275
105	0.39952344	0.15409055	0.10166799	0.14058776	0.1056394	1259.0	503.0	194.0	128.0	177.0	133.0	2021-12-29	2022-01-04	1.0	0.0	6.22059	5.267858	4.8520303	5.17615	4.890349
106	0.42940745	0.16532554	0.11046086	0.18434528	0.12801756	1367.0	587.0	226.0	151.0	252.0	175.0	2022-01-05	2022-01-11	4.0	0.0	6.375025	5.420535	5.0172796	5.529429	5.164786
107	0.41055456	0.13148479	0.07692308	0.16994633	0.115384616	1118.0	459.0	147.0	86.0	190.0	129.0	2022-01-12	2022-01-18	1.0	0.0	6.1290503	4.9904327	4.454347	5.247024	4.8598123
108	0.39118704	0.16546762	0.12230216	0.16097122	0.12589929	1112.0	435.0	184.0	136.0	179.0	140.0	2022-01-19	2022-01-25	5.0	1.0	6.075346	5.214936	4.912655	5.187386	4.9416423
109	0.44069192	0.16227348	0.14909391	0.16968699	0.14909391	1214.0	535.0	197.0	181.0	206.0	181.0	2022-01-26	2022-02-01	1.0	0.0	6.2822666	5.2832036	5.198497	5.327876	5.198497
110	0.40833333	0.17878787	0.11515152	0.18863636	0.14545454	1320.0	539.0	236.0	152.0	249.0	192.0	2022-02-02	2022-02-08	0.0	0.0	6.289716	5.463832	5.0238805	5.5174527	5.2574954
111	0.49829933	0.18877551	0.14965986	0.23469388	0.16496599	588.0	293.0	111.0	88.0	138.0	97.0	2022-02-09	2022-02-15	2.0	0.0	5.6801724	4.7095304	4.477337	4.9272537	4.574711
112	0.47228637	0.16397229	0.112009235	0.21247113	0.15819861	866.0	409.0	142.0	97.0	184.0	137.0	2022-02-16	2022-02-22	5.0	1.0	6.0137153	4.955827	4.574711	5.214936	4.919981
113	0.37437186	0.13819095	0.13442211	0.12248744	0.12437186	1592.0	596.0	220.0	214.0	195.0	198.0	2022-02-23	2022-03-01	4.0	1.0	6.3902407	5.3936276	5.365976	5.273	5.288267
114	0.4173765	0.13117547	0.08006814	0.16865417	0.12691653	1174.0	490.0	154.0	94.0	198.0	149.0	2022-03-02	2022-03-08	3.0	0.0	6.1944056	5.0369525	4.543295	5.288267	5.0039463
115	0.4539007	0.13632782	0.07565012	0.18597321	0.119779356	1269.0	576.0	173.0	96.0	236.0	152.0	2022-03-09	2022-03-15	0.0	0.0	6.3561077	5.1532917	4.564348	5.463832	5.0238805
116	0.40525478	0.116242036	0.106687896	0.15923567	0.12261146	1256.0	509.0	146.0	134.0	200.0	154.0	2022-03-16	2022-03-22	3.0	0.0	6.232448	4.983607	4.89784	5.2983174	5.0369525
117	0.38694853	0.10845588	0.074448526	0.12867647	0.122242644	1088.0	421.0	118.0	81.0	140.0	133.0	2022-03-23	2022-03-29	0.0	0.0	6.042633	4.7706847	4.394449	4.9416423	4.890349
118	0.42745098	0.16666667	0.09019608	0.17941177	0.14411765	1020.0	436.0	170.0	92.0	183.0	147.0	2022-03-30	2022-04-05	3.0	0.0	6.0776424	5.1357985	4.5217886	5.209486	4.9904327
119	0.46712464	0.1521099	0.09519137	0.19136408	0.14425908	1019.0	476.0	155.0	97.0	195.0	147.0	2022-04-06	2022-04-12	1.0	0.0	6.1654177	5.043425	4.574711	5.273	4.9904327
120	0.39655173	0.15720081	0.10851927	0.13995942	0.13488844	986.0	391.0	155.0	107.0	138.0	133.0	2022-04-13	2022-04-19	1.0	0.0	5.9687076	5.043425	4.6728287	4.9272537	4.890349
121	0.43235832	0.13985375	0.090493605	0.17458867	0.14716636	1094.0	473.0	153.0	99.0	191.0	161.0	2022-04-20	2022-04-26	3.0	0.0	6.1590953	5.030438	4.59512	5.2522736	5.081404
122	0.43654364	0.18001801	0.12511252	0.15751575	0.1809181	1111.0	485.0	200.0	139.0	175.0	201.0	2022-04-27	2022-05-03	0.0	1.0	6.184149	5.2983174	4.934474	5.164786	5.3033047
123	0.3779947	0.14374445	0.08873115	0.12244898	0.12511091	1127.0	426.0	162.0	100.0	138.0	141.0	2022-05-04	2022-05-10	2.0	0.0	6.0544395	5.0875964	4.6051702	4.9272537	4.94876
124	0.43843138	0.1772549	0.09568627	0.1945098	0.16156863	1275.0	559.0	226.0	122.0	248.0	206.0	2022-05-11	2022-05-17	7.0	0.0	6.3261495	5.420535	4.804021	5.5134287	5.327876
125	0.46375683	0.167576	0.11613406	0.18394388	0.16134061	1283.0	595.0	215.0	149.0	236.0	207.0	2022-05-18	2022-05-24	3.0	0.0	6.3885612	5.370638	5.0039463	5.463832	5.332719
126	0.4702321	0.14127144	0.15136226	0.19071645	0.15842584	991.0	466.0	140.0	150.0	189.0	157.0	2022-05-25	2022-05-31	1.0	0.0	6.1441855	4.9416423	5.0106354	5.241747	5.056246
127	0.4037006	0.16736753	0.1000841	0.15306981	0.15559293	1189.0	480.0	199.0	119.0	182.0	185.0	2022-06-01	2022-06-07	0.0	0.0	6.173786	5.293305	4.7791233	5.2040067	5.220356
128	0.5190549	0.17454268	0.12118903	0.24618903	0.2027439	1312.0	681.0	229.0	159.0	323.0	266.0	2022-06-08	2022-06-14	1.0	0.0	6.5235624	5.433722	5.0689044	5.7776523	5.583496
129	0.44444445	0.1503268	0.08415033	0.1633987	0.14787582	1224.0	544.0	184.0	103.0	200.0	181.0	2022-06-15	2022-06-21	3.0	0.0	6.2989492	5.214936	4.634729	5.2983174	5.198497
130	0.4434954	0.1609724	0.09724047	0.16688567	0.18725361	1522.0	675.0	245.0	148.0	254.0	285.0	2022-06-22	2022-06-28	8.0	3.0	6.514713	5.5012584	4.9972124	5.5373344	5.652489
131	0.39752907	0.1380814	0.12936047	0.1431686	0.12209302	1376.0	547.0	190.0	178.0	197.0	168.0	2022-06-29	2022-07-05	2.0	1.0	6.3044486	5.247024	5.1817837	5.2832036	5.123964
132	0.41640577	0.14276768	0.10519724	0.1521603	0.12586099	1597.0	665.0	228.0	168.0	243.0	201.0	2022-07-06	2022-07-12	2.0	0.0	6.499787	5.4293456	5.123964	5.4930615	5.3033047
133	0.37518573	0.15601783	0.07800891	0.12407132	0.11292719	1346.0	505.0	210.0	105.0	167.0	152.0	2022-07-13	2022-07-19	1.0	0.0	6.2245584	5.3471074	4.65396	5.117994	5.0238805
134	0.42608696	0.15188406	0.099710144	0.13855073	0.14028986	1725.0	735.0	262.0	172.0	239.0	242.0	2022-07-20	2022-07-26	0.0	1.0	6.5998707	5.5683446	5.1474943	5.4764633	5.488938
